-7.767156231207945e+00
-8.218932696827983e+00
-1.0795923129440657e+01
-8.744218095905666e+00
-7.395927508473359e+00
-8.705616213653878e+00
-1.0003792342212898e+01
-9.499551815315826e+00
-8.379502962164779e+00
-7.841424654035524e+00
-6.300861252225813e+00
-8.067469797151869e+00
-6.98955491730746e+00
-8.175722424109317e+00
-6.055053747222436e+00
-8.101651658199941e+00
-7.689296604172395e+00
-6.673906572161712e+00
-7.034274243515797e+00
-8.745559987265851e+00
-7.152696699380729e+00
-5.853615480608191e+00
-8.161747268236981e+00
-8.455399165102465e+00
-5.783122854629588e+00
-8.01325326112981e+00
-6.1233252812579515e+00
-7.858325750771904e+00
-5.415531836868195e+00
-8.03046938288398e+00
-6.91481432182947e+00
-7.850883622489874e+00
-7.978093440992789e+00
-7.168538064973873e+00
-6.58592596814237e+00
-6.187551184413335e+00
-4.886003794599885e+00
-5.700107606892157e+00
-5.354239324427597e+00
-6.003852268353953e+00
-7.130840837524326e+00
-6.637896294120837e+00
-4.585315982712608e+00
-6.680269569779897e+00
-6.294181665293069e+00
-5.741678508681417e+00
-6.474694705816839e+00
-7.071203329050858e+00
-6.132851546061296e+00
-5.44158069175749e+00
-3.9180818837452414e+00
-5.027745866926335e+00
-4.522717718905384e+00
-6.870827235235453e+00
-4.716533622371559e+00
-5.875333072620374e+00
-5.926165418200107e+00
-6.327095080527881e+00
-6.120461957377757e+00
-4.01917908387353e+00
-5.527532091712633e+00
-4.150673765551905e+00
-5.220998882562368e+00
-5.233404147280203e+00
-5.495837869344628e+00
-5.30819663469639e+00
-4.858963906976663e+00
-6.259925384227711e+00
-3.1288663745084184e+00
-2.3867666294615635e+00
-4.6127573125394905e+00
-4.097497680661906e+00
-3.951974468692721e+00
-4.568592524004049e+00
-3.6343928311438285e+00
-5.70929942610973e+00
-3.5525261398522847e+00
-4.422338319439255e+00
-2.939081133185403e+00
-6.324088536813745e+00
-4.724507969420823e+00
-4.260418554708819e+00
-3.1971592468392394e+00
-3.6495049617926854e+00
-4.068183074716039e+00
-4.824101069816708e+00
-4.533836470434029e+00
-3.447580804055376e+00
-2.304614204259219e+00
-4.501253917140361e+00
-4.723548907776677e+00
-4.088758959167071e+00
-4.847782827075342e+00
-5.048278364541353e+00
-5.4631197397757045e+00
-3.108201301992389e+00
-4.246514906097259e+00
-3.879021124647067e+00
-2.7359618520658335e+00
-3.505611291247762e+00
-4.048631561124079e+00
-3.366595149614309e+00
-4.105600711460577e+00
-3.310002212619003e+00
-4.252528202139788e+00
-3.171796340902283e+00
-4.2565257594906125e+00
-2.6803860223507585e+00
-2.981425931725466e+00
-2.4935778229136893e+00
-4.327293347575648e+00
-4.852409838682267e+00
-4.638937007316228e+00
-3.8049842261736084e+00
-3.3671912202639516e+00
-3.6536934120150093e+00
-2.9328830672886634e+00
-2.8847268380694224e+00
-2.35830093935379e+00
-3.066005174078295e+00
-0.15332047641414315e+00
-1.1452849733275714e+00
-4.00001826092536e+00
-1.053457826778213e+00
-3.751888065284329e+00
-2.681608865400138e+00
-2.1586562160041924e+00
-2.6637612137812905e+00
-0.6639219974564583e+00
-1.9223742252172984e+00
-1.892215834294125e+00
-1.6667862417658805e+00
-1.3719667285430415e+00
-3.4471311446827775e+00
-1.722482964139875e+00
-1.852739826240367e+00
-2.6847984726970635e+00
-0.6069856355044501e+00
-1.8699686909166948e+00
-0.9577677114102725e+00
-2.017638683832021e+00
-3.01043859867153e+00
-1.5656300796862324e+00
-0.6200888040350994e+00
-0.925505732888759e+00
-2.5549796859623957e+00
-0.5156621541961893e+00
-2.457669637766098e+00
1.0164694435869017e+00
-1.5451746172650076e+00
-1.1582049581077491e+00
-1.612588643086868e+00
-0.9618489272122772e+00
-0.5573762915123903e+00
-1.5115949359577576e+00
-0.751857300797313e+00
-1.7282175302981009e+00
0.39122087567716957e+00
1.355214560015765e+00
-0.8359429606726135e+00
-1.9085778311972992e+00
-1.028309547194213e+00
-1.0779945736531227e+00
-0.4996059217344677e+00
-1.2272283720481632e+00
0.6336147003302268e+00
0.01256069215591804e+00
-0.536767734432099e+00
-1.5645499370964668e+00
0.1031505340103589e+00
1.9853451037076408e+00
1.2096794323289055e+00
-1.27299923641256e+00
-0.42953529024609577e+00
-0.7988584537703789e+00
1.9116964385544006e+00
-0.6846360293510609e+00
0.6206833809687788e+00
-0.4838217633949278e+00
-1.139573766503559e+00
0.37657480042735986e+00
0.3426134431856631e+00
-0.1900535282182203e+00
0.9234210218731075e+00
-0.21453014464902742e+00
1.3499626344306803e+00
-0.23459012354998943e+00
2.0703786958460215e+00
0.1599216011734298e+00
2.5699506315920546e+00
-0.008750744523358334e+00
1.3346981297994565e+00
-0.19336484425944067e+00
1.2142323065151919e+00
1.918399746012583e+00
-0.24219098247840942e+00
1.940218175691328e+00
0.8493145020745414e+00
1.4830871103697936e+00
0.5140839609953008e+00
0.726689682886926e+00
2.7281720852359834e+00
-0.21806831128656068e+00
1.8158739146523237e+00
2.335412107246614e+00
0.9394578624561682e+00
1.0744189585814221e+00
1.4078143284579947e+00
3.0029525946186304e+00
1.5363788973894235e+00
2.313493364615769e+00
1.1816279060690773e+00
3.2998969125495154e+00
0.23046962462049225e+00
3.9830651659153187e+00
0.7276919452032342e+00
1.7248273218609302e+00
1.3028420046773723e+00
1.2658493813067422e+00
2.2222020085963456e+00
0.7218881696153379e+00
2.003541830290231e+00
2.410878698993606e+00
3.8384900265569106e+00
4.560192913135275e+00
0.420250304106756e+00
2.6443736200706875e+00
3.3338825410920627e+00
0.5232140178537978e+00
0.8466517501535422e+00
2.5951143609868166e+00
3.1593724746148903e+00
3.568223811074397e+00
6.175530546739009e+00
2.918877611698976e+00
2.8556940556001575e+00
2.5394288719519196e+00
4.032401641365401e+00
2.877140446834642e+00
5.645981840443973e+00
1.3089707953294352e+00
3.798506991513782e+00
3.2875380540743544e+00
2.3707225552327937e+00
4.075102483735346e+00
2.2542145578244335e+00
3.4831494923263726e+00
4.4230070468172915e+00
2.172137148017704e+00
3.660961084912408e+00
4.289063107394552e+00
3.9299613905286765e+00
3.1624288298521828e+00
4.267562860336324e+00
3.1742487414288023e+00
5.145421546679423e+00
5.464527465710336e+00
3.578717951949555e+00
4.630003807804621e+00
2.9216048949389175e+00
4.152406274129727e+00
3.3220428012488425e+00
3.3722449080392387e+00
4.0228062465998295e+00
6.725836870488864e+00
4.886962329667776e+00
3.7610629900599326e+00
3.9014403934382056e+00
4.4829141106767e+00
5.215747632266598e+00
5.0965209312185715e+00
4.877697134690017e+00
5.985046526937733e+00
5.541397259842338e+00
5.6411193178136045e+00
3.382006212029445e+00
3.7241162675422697e+00
4.254402893130495e+00
4.9382467239531245e+00
4.576504093985521e+00
3.71054050899222e+00
3.446185264121241e+00
5.843950261999546e+00
6.257418014238008e+00
3.5286663655882564e+00
3.9497971254875144e+00
4.498701146974553e+00
6.281415938628607e+00
4.098886799662576e+00
5.264073841429973e+00
5.64528943893844e+00
6.948567151013435e+00
6.807769574027851e+00
4.399925906559521e+00
4.987477375776631e+00
5.4441547182392425e+00
6.560437945000218e+00
5.820221701706433e+00
6.157921627745596e+00
5.03197538923303e+00
6.813745014052497e+00
6.267438745710868e+00
6.545126090668124e+00
7.691265423458073e+00
5.7504855103910755e+00
6.8823471725529695e+00
9.108986914046127e+00
6.271672749231072e+00
6.644777281274729e+00
7.419195777093516e+00
7.585028092002595e+00
7.022871758045924e+00
6.134451403239081e+00
7.277552694962747e+00
6.2335025867861e+00
7.110006050096833e+00
6.815320264880101e+00
6.281378684412914e+00
6.987739049019051e+00
7.214609931158755e+00
6.883922943047868e+00
6.483983411102662e+00
7.721027584311605e+00
8.143396751103289e+00
8.212315178945307e+00
7.224146060195966e+00
7.797951322254314e+00
8.057603824584612e+00
6.731357200318577e+00
7.591190897681636e+00
6.949000313186385e+00
7.129787628816317e+00
7.15538056901209e+00
8.770162847516515e+00
8.441109719734795e+00
6.744648843109179e+00
7.150716661023865e+00
6.319148487143021e+00
7.136230038410146e+00
8.64441802855321e+00
7.100980601935233e+00
7.866477724279913e+00
7.811056547535157e+00
7.0789145456733396e+00
6.865854893854913e+00
8.506443392352146e+00
8.363694859126152e+00
7.890312891504259e+00
8.320493227456163e+00
8.132717088390393e+00
7.931091099795213e+00
8.11925135387197e+00
9.052272532750207e+00
9.15530127652331e+00
8.844439923762371e+00
8.310470727363573e+00
9.195576154786991e+00
9.435212432916003e+00
9.21693280103948e+00
8.284354284813316e+00
8.995895862117484e+00
1.0023781492888273e+01
9.739808164843215e+00
9.925255664142151e+00
9.463912317247608e+00
9.794403009810788e+00
8.65258571503854e+00
8.91790352266488e+00
7.74797038420804e+00
1.0884614404356077e+01
7.707775961434621e+00
1.0862342357771078e+01
9.183151216444452e+00
1.006620986920494e+01
9.294503331977953e+00
1.0100702645155215e+01
1.0335349763276485e+01
1.0441231778928137e+01
1.0664540901056943e+01
9.404493289002422e+00
1.0119487709246846e+01
9.727021774749637e+00
9.177598767118633e+00
1.1101595898237275e+01
9.279237934448737e+00
1.1915657451145873e+01
7.61396681759458e+00
9.198336456379483e+00
1.1563486172080928e+01
1.120592932587566e+01
1.1220943586464167e+01
1.0379585634145587e+01
9.437640984530862e+00
8.603414191348657e+00
1.1540890467997937e+01
1.0344482785756433e+01
9.518025533625229e+00
1.0301642973501626e+01
1.0674390763113137e+01
1.0898810866650384e+01
1.2255838465812179e+01
1.1988400199744729e+01
9.109510611409947e+00
1.1227854913038329e+01
1.211550711135652e+01
1.229196274773258e+01
1.192425156514846e+01
1.3164427099180505e+01
1.2647340675696765e+01
1.0311438070383345e+01
1.304803809598479e+01
1.2801406120101753e+01
1.2113072559539195e+01
1.0452198708913847e+01
1.2432450864565294e+01
1.2441805867980207e+01
1.153487548558409e+01
1.1112446082498448e+01
1.0292019214315833e+01
1.1809890254674418e+01
1.0957719807968733e+01
1.0698898625736155e+01
1.176187267935685e+01
1.0857921916519873e+01
1.208564954222091e+01
1.103073832810499e+01
1.1092734737459078e+01
1.3276862527652544e+01
1.1140643039698566e+01
1.3933977181518002e+01
1.2471066628637788e+01
1.1966025483173175e+01
1.1685875518486937e+01
1.255856830582647e+01
1.2534470352844003e+01
1.117352430201509e+01
1.3123287704020936e+01
1.304854861406411e+01
1.2623717589975167e+01
1.3122024847985727e+01
1.1632900649292923e+01
1.2877172152002487e+01
1.2048509714895235e+01
1.2765917877404778e+01
1.2277412610824419e+01
1.275256323605983e+01
1.381926767526393e+01
1.211658458038433e+01
1.5014103127858434e+01
1.262114505893067e+01
1.3477352902087727e+01
1.379942976125096e+01
1.311968528098492e+01
1.0763290017447742e+01
1.305618081805421e+01
1.403985105007474e+01
1.321142409725255e+01
1.432906876097001e+01
1.6428975638065886e+01
1.4860900564261441e+01
1.369205242581135e+01
1.3682805594580425e+01
1.5214605984054494e+01
1.3891590954142234e+01
1.4760764708825727e+01
1.37485609033667e+01
1.4684046561133541e+01
1.396688160771022e+01
1.4364495297949569e+01
1.3820596353534615e+01
1.4892735445821195e+01
1.3898385472181078e+01
1.507409897073196e+01
1.3430346418246961e+01
1.4368774242043747e+01
1.4844842069671587e+01
1.4936338112230387e+01
1.407298225727149e+01
1.4578243439283565e+01
1.499120306962642e+01
1.3933542092174194e+01
1.1713028569556614e+01
1.448323897776222e+01
1.6608347801371792e+01
1.5971970940596676e+01
1.3783733356609367e+01
1.3792476607893602e+01
1.4050130225365012e+01
1.486356161101068e+01
1.5680682027060997e+01
1.6685635704148953e+01
1.5156061469934694e+01
1.755530206345218e+01
1.57903891735728e+01
1.6943950287674254e+01
1.5369952326217475e+01
1.8174672149896527e+01
1.6461902861686908e+01
1.5749851299182722e+01
1.487208124455329e+01
1.5068476491795655e+01
1.6272533599661496e+01
1.6499270966731274e+01
1.7513530534602637e+01
1.5127939659572927e+01
1.358964977873569e+01
1.6844418056422839e+01
1.7299573925713596e+01
1.6849630867087562e+01
1.7918220608397957e+01
1.7214060216568285e+01
1.4261206846203323e+01
1.520368663911617e+01
1.7156092536128686e+01
1.7781140014576866e+01
1.6376272387553097e+01
1.6649973460521017e+01
1.6385852980594535e+01
1.6439717488007943e+01
1.7839228878197353e+01
1.7120166543372375e+01
1.8969154138748938e+01
1.6016111653806153e+01
1.6831062170532072e+01
1.7413723015289666e+01
1.897627556675673e+01
1.8322189334681702e+01
1.5754929126859483e+01
1.8395236246440234e+01
1.6185062835243644e+01
1.7330709262915232e+01
1.6525048460324292e+01
1.8799075434202313e+01
1.7329086586701983e+01
1.8435230691495825e+01
1.6820065530467798e+01
1.8246400671730914e+01
1.7448435898692687e+01
1.8922500655431886e+01
1.8391372332222296e+01
1.9481992897307578e+01
1.735267369492241e+01
1.8327375475887926e+01
1.7214640716756668e+01
1.5875103730347253e+01
1.7615793754538114e+01
1.7824325899446491e+01
1.768689223143094e+01
1.7922942473363785e+01
2.0159632470931883e+01
1.5682809082780131e+01
1.8882896106748166e+01
1.7070696122403302e+01
1.679912940373607e+01
1.6540547851239353e+01
1.8124727587082774e+01
1.9033237067827546e+01
1.8071020705603391e+01
1.879196521408844e+01
1.8617565283846402e+01
1.755550745895856e+01
1.8746105749632402e+01
1.8881991683097545e+01
1.9751645700415161e+01
1.8735636654442946e+01
1.9355695070727683e+01
1.9397617069302278e+01
2.0416555237998266e+01
1.9912650477167375e+01
1.8103614635852625e+01
2.1293192221940918e+01
2.003453124948897e+01
1.9881377702010539e+01
1.8846669847659647e+01
1.7820303619308562e+01
1.96984256602809e+01
1.8841101028283298e+01
1.9234933207160574e+01
1.9637110377231295e+01
1.9727423785320504e+01
1.9811394859850424e+01
1.9419601208385706e+01
2.0043016402352336e+01
1.9087259997881412e+01
2.000509697500516e+01
2.025919201472407e+01
1.9428399913792649e+01
1.9756879365931403e+01
2.104779583813108e+01
1.9819249042288578e+01
2.1046762150540177e+01
1.9069074335020555e+01
2.0640362228440488e+01
1.9531459500056574e+01
1.8761378724469515e+01
2.273180432674718e+01
2.0570177099767744e+01
2.158389785891619e+01
2.142921479991037e+01
2.096686623548458e+01
2.1361631839776716e+01
2.0264361735444454e+01
2.1203742327186546e+01
2.262400494762977e+01
2.1839133560455117e+01
2.1147250624452645e+01
2.237191631152213e+01
1.957857698019734e+01
1.9996190441829107e+01
1.9774093318544406e+01
2.1101485848517085e+01
2.23877154688528e+01
2.3279075808872522e+01
1.9519638931024321e+01
2.1637189169012694e+01
2.1379398935524825e+01
2.1981713891719776e+01
2.0221246066508285e+01
2.070570567869668e+01
1.997508869688258e+01
2.5464621820943654e+01
2.345775248377145e+01
2.3349495125121416e+01
2.1548856651666783e+01
2.2527964723571463e+01
2.1993053780681198e+01
2.267976505487324e+01
2.1724473329567706e+01
2.2549112702344836e+01
2.2588711055397743e+01
2.266471202380778e+01
2.1297094052688563e+01
2.144355888143622e+01
2.073523296872312e+01
2.18611795452515e+01
2.3411098872950005e+01
2.2916322476955875e+01
2.3827508088546967e+01
2.2491086185104683e+01
2.2438753576764814e+01
2.345688046361446e+01
2.385894902036924e+01
2.3688315570810574e+01
2.279086722693413e+01
2.2878727682854825e+01
2.262963115407672e+01
2.2251577185734304e+01
2.2797967996939628e+01
2.3282619379728247e+01
2.306487507070639e+01
2.509077514714296e+01
2.492540631900038e+01
2.359605753143412e+01
2.390743226175702e+01
2.372508871015964e+01
2.376326692400328e+01
2.425966985124029e+01
2.4798196473986676e+01
2.4467988825553606e+01
2.4920700425754787e+01
2.234686068204941e+01
2.356857668137992e+01
2.261780118866466e+01
2.5583271952153916e+01
2.413205376062755e+01
2.5432003933962153e+01
2.392310008142714e+01
2.3364834410131037e+01
2.3953495837444874e+01
2.2950685065782452e+01
2.492613424701197e+01
2.446551183260377e+01
2.417527744689474e+01
2.4299193251004443e+01
2.293384883139006e+01
2.389102013668608e+01
2.310997092787953e+01
2.4717618575344598e+01
2.418578942700299e+01
2.472647679067768e+01
2.3322441855772853e+01
2.4839326113391085e+01
2.4365322702108236e+01
2.461001800030222e+01
2.5237045962430487e+01
2.453731350727882e+01
2.443428627511726e+01
2.5332608456846337e+01
2.455188758806645e+01
2.495630283913081e+01
2.404311629062805e+01
2.5730046477088857e+01
2.553157007017666e+01
2.4702064007704574e+01
2.491561172908703e+01
2.6445695283870925e+01
2.643945873899713e+01
2.5513080847030447e+01
2.423666353796623e+01
2.4807904693278324e+01
2.4510828424593165e+01
2.5784609898245474e+01
2.584246783770811e+01
2.6350838651812873e+01
2.7041375236069594e+01
2.5451804913417986e+01
2.707436296534108e+01
2.6078332098990105e+01
2.5981603714043713e+01
2.726907729181167e+01
2.7059228567039875e+01
2.699677976128983e+01
2.5165536056592654e+01
2.5253335261205834e+01
2.7192878680560764e+01
2.5835410700785997e+01
2.7815379128275985e+01
2.6703063802828706e+01
2.749592132070432e+01
2.69545002408728e+01
2.7073604512344276e+01
2.7304068645661674e+01
2.723562258526596e+01
2.499069004732818e+01
2.7194697385166866e+01
2.810095497323214e+01
2.6218106958690894e+01
2.715446314037181e+01
2.6253889220311737e+01
2.6249056608133374e+01
2.7149252803801516e+01
2.681670529469278e+01
2.869912418125797e+01
2.748458349883051e+01
2.8348833218704086e+01
2.770448167273094e+01
2.744132065898642e+01
2.7307946089817103e+01
2.807329246337024e+01
2.770376802515083e+01
2.716983932264466e+01
2.7926662976352503e+01
2.661163598563811e+01
2.735634716712279e+01
2.663836001484254e+01
2.569339759766795e+01
2.755496442815797e+01
2.7299031098922706e+01
2.73406457040056e+01
2.7330074890574436e+01
2.7481453562610354e+01
2.836673391641503e+01
2.8480715903802842e+01
2.73798584194956e+01
2.6914243672328295e+01
2.9412230811023905e+01
2.8295031982759236e+01
2.5858544672948325e+01
2.889108365992742e+01
2.725887251533183e+01
2.875258702976088e+01
2.8371286674412466e+01
2.844854518695863e+01
2.8034642589610312e+01
3.0128861086787326e+01
2.8685587163669406e+01
2.884731170284575e+01
2.9492957270689395e+01
2.9561143665272223e+01
2.9572251345493425e+01
2.7024772817280494e+01
2.9964577251030486e+01
2.802073660211302e+01
2.848027504523572e+01
3.1832600243343814e+01
3.0793234094008515e+01
2.9993965576427004e+01
2.8977937581420843e+01
2.8595769951429357e+01
2.8675417474060634e+01
2.9725025283520625e+01
2.8010624191361706e+01
3.0719538074656536e+01
3.001382585459538e+01
2.8507774770029437e+01
3.123268500519498e+01
2.9253216389823544e+01
2.9468279627031735e+01
2.7941948523117484e+01
2.986483214652723e+01
2.9706152048823893e+01
3.0609333430519188e+01
3.0402206301874495e+01
3.1623728401116145e+01
3.0284749522301064e+01
2.8682723236855368e+01
3.0424125070206243e+01
3.1131896056849335e+01
2.979073614161643e+01
3.203030699648546e+01
3.1268377570828645e+01
3.100590268906651e+01
2.9818155391746446e+01
3.033513170731625e+01
3.089999094178453e+01
3.0938824288384774e+01
2.978756321715901e+01
2.9999120872832217e+01
3.099034080693887e+01
3.194311072767026e+01
3.2520039576379185e+01
3.188434297889789e+01
3.223804319102311e+01
3.0220664388214447e+01
3.000126079174299e+01
3.063598262721662e+01
3.348612066292021e+01
3.207669171576916e+01
2.9760021140638706e+01
3.1692198895659276e+01
3.324220506489504e+01
3.296827495949316e+01
3.2004311673071006e+01
3.1910701791159717e+01
3.100003042452604e+01
3.1316346489876272e+01
2.976139110254849e+01
3.1649121373050475e+01
3.3688681437720986e+01
3.336904778708047e+01
3.0836634974032924e+01
3.2287791082578843e+01
3.1238804791393395e+01
3.12180305600502e+01
3.270819022665415e+01
3.4175734306758954e+01
3.293613516286188e+01
3.26475504485366e+01
3.19006549943319e+01
3.4472296335670314e+01
3.328521295927092e+01
3.303093249009181e+01
3.2588764676213002e+01
3.3408206493657318e+01
3.2461564639578997e+01
3.310312520058028e+01
3.3247880177298357e+01
3.245979657239709e+01
3.3853853392571116e+01
3.1664127119126144e+01
3.0160855838967864e+01
3.3455630569735555e+01
3.538762684388729e+01
3.4153346858235936e+01
3.227095702918618e+01
3.376741531624723e+01
3.254675865747205e+01
3.4132792188880883e+01
3.3098316126206297e+01
3.193600214804441e+01
3.2660550081807096e+01
3.2344109472003852e+01
3.3896999947798596e+01
3.3555742087526683e+01
3.2753651294184296e+01
3.4590467226483144e+01
3.42767049748792e+01
3.3474519909872407e+01
3.3752529536649476e+01
3.2629240123079293e+01
3.4197052949948747e+01
3.290067918570494e+01
3.3580043881669064e+01
3.422595982110237e+01
3.337161433017111e+01
3.4589553080944926e+01
3.4371099280915507e+01
3.5236351245775572e+01
3.661629475649781e+01
3.359147231146266e+01
3.353446983295021e+01
3.4739251076618087e+01
3.6570170955872525e+01
3.4566778837388794e+01
3.2231734955126043e+01
3.4823421491577813e+01
3.482392960862394e+01
3.498499591293143e+01
3.5083765952394677e+01
3.4795117934643374e+01
3.659323859792522e+01
3.5568282702807514e+01
3.445520039456788e+01
3.732160987609274e+01
3.55386517257419e+01
3.5880165410158518e+01
3.3791530098679416e+01
3.602374921642807e+01
3.4471587928564857e+01
3.4302618616489404e+01
3.3825800421193444e+01
3.4276573280178475e+01
3.627440905243587e+01
3.5282617586629015e+01
3.6157148841717657e+01
3.56970663631688e+01
3.6206862196935186e+01
3.603799711806436e+01
3.7079126949307777e+01
3.5973737333030167e+01
3.6018603482753178e+01
3.638749938334473e+01
3.5371285644751067e+01
3.3607242701102455e+01
3.649715545226882e+01
3.5449437551516985e+01
3.6270933069705387e+01
3.524645157049693e+01
3.616303927665098e+01
3.6297246301007773e+01
3.632446659856032e+01
3.573211789422551e+01
3.69158702434114e+01
3.5086225068612364e+01
3.6933132149208197e+01
3.5088970033842495e+01
3.621600448276611e+01
3.7917570604130715e+01
3.6203507393545364e+01
3.8142577644762823e+01
3.7551024949060983e+01
3.870795053129983e+01
3.83024808973362e+01
3.55318942817262e+01
3.939270024569884e+01
3.713442930456935e+01
3.6925887941178814e+01
3.6593653999178075e+01
3.7767597269896696e+01
3.8920974704667457e+01
3.6003688522285e+01
3.537519323114624e+01
3.85719739110476e+01
3.826591691497839e+01
3.809713342997287e+01
3.790193324494493e+01
3.8911209030757723e+01
3.7369315329709756e+01
3.7050034842364403e+01
3.620476952681235e+01
3.5977344751508644e+01
3.7808438623580285e+01
3.730661090884028e+01
3.753123872190307e+01
3.776541125146376e+01
3.9736729871451586e+01
3.8076664629450954e+01
3.8010004967817936e+01
3.894862850655419e+01
3.8634240460202123e+01
3.920249923838089e+01
3.887110663767077e+01
3.8822809604447905e+01
3.8439703323539485e+01
3.951135253555086e+01
3.9193303132144353e+01
3.8531588076581302e+01
3.8559814193526862e+01
3.6467707297290106e+01
4.059056196038329e+01
4.086659213779666e+01
3.878120328616064e+01
3.9534037989147235e+01
3.8702261655916566e+01
3.799642211767039e+01
3.9696431721599885e+01
3.719061979937751e+01
4.129765160593108e+01
3.9526431439323084e+01
4.023306406628231e+01
4.133031324457794e+01
3.8187709422979204e+01
3.9913968261985766e+01
3.8265393122765956e+01
3.890211312039516e+01
3.912838982386983e+01
3.8797668646701453e+01
3.8309642467854133e+01
3.9766054781876106e+01
4.023322445016983e+01
4.110522302797722e+01
3.9871368829640743e+01
4.061980102254632e+01
3.748514726285009e+01
3.8883165095513994e+01
4.245638699076722e+01
4.029819825807623e+01
4.176250276609587e+01
4.090062917570412e+01
4.1087719189829155e+01
